10529 10529 10529 10529
10522 10522 10522 10522
10534 10534 10534 10534
10521 10521 10521 10521
10512 10512 10512 10512
10511 10511 10511 10511
10512 10512 10512 10512
10517 10517 10517 10517
10509 10509 10509 10509
10513 10513 10513 10513
10506 10506 10506 10506
10520 10520 10520 10520
10524 10524 10524 10524
10536 10536 10536 10536
10539 10539 10539 10539
10506 10506 10506 10506
10490 10490 10490 10490
10488 10488 10488 10488
10521 10521 10521 10521
10537 10537 10537 10537
10554 10554 10554 10554
10538 10538 10538 10538
10517 10517 10517 10517
10499 10499 10499 10499
10485 10485 10485 10485
10498 10498 10498 10498
10494 10494 10494 10494
10531 10531 10531 10531
10549 10549 10549 10549
10537 10537 10537 10537
10523 10523 10523 10523
10515 10515 10515 10515
10504 10504 10504 10504
10502 10502 10502 10502
10501 10501 10501 10501
10506 10506 10506 10506
10506 10506 10506 10506
10527 10527 10527 10527
10531 10531 10531 10531
10537 10537 10537 10537
10528 10528 10528 10528
10519 10519 10519 10519
10492 10492 10492 10492
10480 10480 10480 10480
10486 10486 10486 10486
10525 10525 10525 10525
10556 10556 10556 10556
10570 10570 10570 10570
10554 10554 10554 10554
10521 10521 10521 10521
10483 10483 10483 10483
10464 10464 10464 10464
10483 10483 10483 10483
10514 10514 10514 10514
10542 10542 10542 10542
10556 10556 10556 10556
10553 10553 10553 10553
10529 10529 10529 10529
10511 10511 10511 10511
10482 10482 10482 10482
10496 10496 10496 10496
10505 10505 10505 10505
10519 10519 10519 10519
10530 10530 10530 10530
10533 10533 10533 10533
10546 10546 10546 10546
10547 10547 10547 10547
10519 10519 10519 10519
10488 10488 10488 10488
10465 10465 10465 10465
10459 10459 10459 10459
10494 10494 10494 10494
10539 10539 10539 10539
10584 10584 10584 10584
10588 10588 10588 10588
10567 10567 10567 10567
10503 10503 10503 10503
10450 10450 10450 10450
10440 10440 10440 10440
10475 10475 10475 10475
10531 10531 10531 10531
10575 10575 10575 10575
10586 10586 10586 10586
10568 10568 10568 10568
10516 10516 10516 10516
10478 10478 10478 10478
10449 10449 10449 10449
10451 10451 10451 10451
10484 10484 10484 10484
10534 10534 10534 10534
10572 10572 10572 10572
10587 10587 10587 10587
10582 10582 10582 10582
10547 10547 10547 10547
10494 10494 10494 10494
10453 10453 10453 10453
10430 10430 10430 10430
10458 10458 10458 10458
10508 10508 10508 10508
10582 10582 10582 10582
10633 10633 10633 10633
10614 10614 10614 10614
10551 10551 10551 10551
10450 10450 10450 10450
10388 10388 10388 10388
10393 10393 10393 10393
10461 10461 10461 10461
10567 10567 10567 10567
10646 10646 10646 10646
10656 10656 10656 10656
10591 10591 10591 10591
10493 10493 10493 10493
10390 10390 10390 10390
10379 10379 10379 10379
10403 10403 10403 10403
10480 10480 10480 10480
10577 10577 10577 10577
10640 10640 10640 10640
10653 10653 10653 10653
10616 10616 10616 10616
10523 10523 10523 10523
10403 10403 10403 10403
10343 10343 10343 10343
10345 10345 10345 10345
10444 10444 10444 10444
10581 10581 10581 10581
10723 10723 10723 10723
10779 10779 10779 10779
10665 10665 10665 10665
10484 10484 10484 10484
10279 10279 10279 10279
10182 10182 10182 10182
10241 10241 10241 10241
10476 10476 10476 10476
10759 10759 10759 10759
10931 10931 10931 10931
10907 10907 10907 10907
10670 10670 10670 10670
10326 10326 10326 10326
10032 10032 10032 10032
9976 9976 9976 9976
10225 10225 10225 10225
10667 10667 10667 10667
11098 11098 11098 11098
11266 11266 11266 11266
11012 11012 11012 11012
10383 10383 10383 10383
9702 9702 9702 9702
9424 9424 9424 9424
9842 9842 9842 9842
10803 10803 10803 10803
11725 11725 11725 11725
11857 11857 11857 11857
11011 11011 11011 11011
9761 9761 9761 9761
9033 9033 9033 9033
9382 9382 9382 9382
10454 10454 10454 10454
11452 11452 11452 11452
11723 11723 11723 11723
11247 11247 11247 11247
10404 10404 10404 10404
9746 9746 9746 9746
9629 9629 9629 9629
9984 9984 9984 9984
10566 10566 10566 10566
11040 11040 11040 11040
11170 11170 11170 11170
10968 10968 10968 10968
10569 10569 10569 10569
10176 10176 10176 10176
10004 10004 10004 10004
10105 10105 10105 10105
10386 10386 10386 10386
10706 10706 10706 10706
10892 10892 10892 10892
10881 10881 10881 10881
10689 10689 10689 10689
10424 10424 10424 10424
10246 10246 10246 10246
10212 10212 10212 10212
10344 10344 10344 10344
10525 10525 10525 10525
10697 10697 10697 10697
10753 10753 10753 10753
10691 10691 10691 10691
10569 10569 10569 10569
10431 10431 10431 10431
10349 10349 10349 10349
10342 10342 10342 10342
10412 10412 10412 10412
10526 10526 10526 10526
10628 10628 10628 10628
10672 10672 10672 10672
10658 10658 10658 10658
10576 10576 10576 10576
10469 10469 10469 10469
10374 10374 10374 10374
10359 10359 10359 10359
10417 10417 10417 10417
10521 10521 10521 10521
10645 10645 10645 10645
10672 10672 10672 10672
10628 10628 10628 10628
10521 10521 10521 10521
10417 10417 10417 10417
10361 10361 10361 10361
10405 10405 10405 10405
10495 10495 10495 10495
10579 10579 10579 10579
10634 10634 10634 10634
10616 10616 10616 10616
10555 10555 10555 10555
10481 10481 10481 10481
10447 10447 10447 10447
10431 10431 10431 10431
10461 10461 10461 10461
10506 10506 10506 10506
10542 10542 10542 10542
10576 10576 10576 10576
10578 10578 10578 10578
10548 10548 10548 10548
10516 10516 10516 10516
10484 10484 10484 10484
10460 10460 10460 10460
10451 10451 10451 10451
10485 10485 10485 10485
10549 10549 10549 10549
10593 10593 10593 10593
10592 10592 10592 10592
10549 10549 10549 10549
10507 10507 10507 10507
10444 10444 10444 10444
10440 10440 10440 10440
10463 10463 10463 10463
10533 10533 10533 10533
10575 10575 10575 10575
10589 10589 10589 10589
10561 10561 10561 10561
10523 10523 10523 10523
10486 10486 10486 10486
10459 10459 10459 10459
10494 10494 10494 10494
10508 10508 10508 10508
10520 10520 10520 10520
10526 10526 10526 10526
10536 10536 10536 10536
10540 10540 10540 10540
10515 10515 10515 10515
10504 10504 10504 10504
10490 10490 10490 10490
10479 10479 10479 10479
10490 10490 10490 10490
10510 10510 10510 10510
10539 10539 10539 10539
10542 10542 10542 10542
10557 10557 10557 10557
10543 10543 10543 10543
10498 10498 10498 10498
10469 10469 10469 10469
10465 10465 10465 10465
10498 10498 10498 10498
10527 10527 10527 10527
10555 10555 10555 10555
10552 10552 10552 10552
10538 10538 10538 10538
10499 10499 10499 10499
10482 10482 10482 10482
10481 10481 10481 10481
10509 10509 10509 10509
10519 10519 10519 10519
10526 10526 10526 10526
10537 10537 10537 10537
10530 10530 10530 10530
10511 10511 10511 10511
10525 10525 10525 10525
10502 10502 10502 10502
10498 10498 10498 10498
10498 10498 10498 10498
10494 10494 10494 10494
10511 10511 10511 10511
10529 10529 10529 10529
10544 10544 10544 10544
10545 10545 10545 10545
10531 10531 10531 10531
10505 10505 10505 10505
10491 10491 10491 10491
10489 10489 10489 10489
10503 10503 10503 10503
10540 10540 10540 10540
10539 10539 10539 10539
10538 10538 10538 10538
10512 10512 10512 10512
10493 10493 10493 10493
10489 10489 10489 10489
10492 10492 10492 10492