10596 10596 10596 10596
10593 10593 10593 10593
10577 10577 10577 10577
10546 10546 10546 10546
10536 10536 10536 10536
10535 10535 10535 10535
10561 10561 10561 10561
10584 10584 10584 10584
10593 10593 10593 10593
10584 10584 10584 10584
10572 10572 10572 10572
10559 10559 10559 10559
10555 10555 10555 10555
10557 10557 10557 10557
10561 10561 10561 10561
10563 10563 10563 10563
10562 10562 10562 10562
10574 10574 10574 10574
10582 10582 10582 10582
10585 10585 10585 10585
10586 10586 10586 10586
10567 10567 10567 10567
10540 10540 10540 10540
10528 10528 10528 10528
10536 10536 10536 10536
10570 10570 10570 10570
10596 10596 10596 10596
10615 10615 10615 10615
10603 10603 10603 10603
10568 10568 10568 10568
10533 10533 10533 10533
10517 10517 10517 10517
10529 10529 10529 10529
10564 10564 10564 10564
10596 10596 10596 10596
10610 10610 10610 10610
10597 10597 10597 10597
10572 10572 10572 10572
10550 10550 10550 10550
10540 10540 10540 10540
10539 10539 10539 10539
10549 10549 10549 10549
10554 10554 10554 10554
10575 10575 10575 10575
10588 10588 10588 10588
10596 10596 10596 10596
10596 10596 10596 10596
10576 10576 10576 10576
10549 10549 10549 10549
10517 10517 10517 10517
10508 10508 10508 10508
10531 10531 10531 10531
10580 10580 10580 10580
10623 10623 10623 10623
10641 10641 10641 10641
10606 10606 10606 10606
10549 10549 10549 10549
10500 10500 10500 10500
10491 10491 10491 10491
10512 10512 10512 10512
10575 10575 10575 10575
10630 10630 10630 10630
10643 10643 10643 10643
10622 10622 10622 10622
10575 10575 10575 10575
10524 10524 10524 10524
10504 10504 10504 10504
10506 10506 10506 10506
10534 10534 10534 10534
10573 10573 10573 10573
10607 10607 10607 10607
10626 10626 10626 10626
10624 10624 10624 10624
10591 10591 10591 10591
10553 10553 10553 10553
10507 10507 10507 10507
10481 10481 10481 10481
10494 10494 10494 10494
10562 10562 10562 10562
10631 10631 10631 10631
10686 10686 10686 10686
10671 10671 10671 10671
10597 10597 10597 10597
10503 10503 10503 10503
10433 10433 10433 10433
10432 10432 10432 10432
10506 10506 10506 10506
10617 10617 10617 10617
10700 10700 10700 10700
10712 10712 10712 10712
10650 10650 10650 10650
10544 10544 10544 10544
10459 10459 10459 10459
10431 10431 10431 10431
10456 10456 10456 10456
10539 10539 10539 10539
10626 10626 10626 10626
10691 10691 10691 10691
10707 10707 10707 10707
10663 10663 10663 10663
10575 10575 10575 10575
10464 10464 10464 10464
10385 10385 10385 10385
10387 10387 10387 10387
10481 10481 10481 10481
10638 10638 10638 10638
10780 10780 10780 10780
10825 10825 10825 10825
10742 10742 10742 10742
10548 10548 10548 10548
10326 10326 10326 10326
10221 10221 10221 10221
10289 10289 10289 10289
10519 10519 10519 10519
10799 10799 10799 10799
10980 10980 10980 10980
10951 10951 10951 10951
10717 10717 10717 10717
10374 10374 10374 10374
10086 10086 10086 10086
10027 10027 10027 10027
10257 10257 10257 10257
10698 10698 10698 10698
11149 11149 11149 11149
11338 11338 11338 11338
11094 11094 11094 11094
10460 10460 10460 10460
9758 9758 9758 9758
9447 9447 9447 9447
9850 9850 9850 9850
10838 10838 10838 10838
11786 11786 11786 11786
11960 11960 11960 11960
11124 11124 11124 11124
9822 9822 9822 9822
9043 9043 9043 9043
9382 9382 9382 9382
10494 10494 10494 10494
11515 11515 11515 11515
11820 11820 11820 11820
11313 11313 11313 11313
10452 10452 10452 10452
9790 9790 9790 9790
9658 9658 9658 9658
10030 10030 10030 10030
10618 10618 10618 10618
11084 11084 11084 11084
11232 11232 11232 11232
11023 11023 11023 11023
10624 10624 10624 10624
10241 10241 10241 10241
10059 10059 10059 10059
10152 10152 10152 10152
10428 10428 10428 10428
10756 10756 10756 10756
10950 10950 10950 10950
10937 10937 10937 10937
10740 10740 10740 10740
10479 10479 10479 10479
10282 10282 10282 10282
10252 10252 10252 10252
10373 10373 10373 10373
10578 10578 10578 10578
10748 10748 10748 10748
10808 10808 10808 10808
10756 10756 10756 10756
10622 10622 10622 10622
10480 10480 10480 10480
10396 10396 10396 10396
10390 10390 10390 10390
10464 10464 10464 10464
10569 10569 10569 10569
10670 10670 10670 10670
10726 10726 10726 10726
10707 10707 10707 10707
10631 10631 10631 10631
10517 10517 10517 10517
10426 10426 10426 10426
10402 10402 10402 10402
10463 10463 10463 10463
10580 10580 10580 10580
10688 10688 10688 10688
10730 10730 10730 10730
10685 10685 10685 10685
10576 10576 10576 10576
10473 10473 10473 10473
10418 10418 10418 10418
10451 10451 10451 10451
10537 10537 10537 10537
10630 10630 10630 10630
10681 10681 10681 10681
10666 10666 10666 10666
10605 10605 10605 10605
10539 10539 10539 10539
10491 10491 10491 10491
10492 10492 10492 10492
10515 10515 10515 10515
10555 10555 10555 10555
10600 10600 10600 10600
10622 10622 10622 10622
10624 10624 10624 10624
10612 10612 10612 10612
10569 10569 10569 10569
10530 10530 10530 10530
10500 10500 10500 10500
10500 10500 10500 10500
10534 10534 10534 10534
10590 10590 10590 10590
10639 10639 10639 10639
10648 10648 10648 10648
10614 10614 10614 10614
10547 10547 10547 10547
10494 10494 10494 10494
10484 10484 10484 10484
10521 10521 10521 10521
10575 10575 10575 10575
10626 10626 10626 10626
10632 10632 10632 10632
10610 10610 10610 10610
10564 10564 10564 10564
10529 10529 10529 10529
10518 10518 10518 10518
10536 10536 10536 10536
10560 10560 10560 10560
10581 10581 10581 10581
10593 10593 10593 10593
10591 10591 10591 10591
10589 10589 10589 10589
10576 10576 10576 10576
10563 10563 10563 10563
10544 10544 10544 10544
10534 10534 10534 10534
10535 10535 10535 10535
10554 10554 10554 10554
10586 10586 10586 10586
10606 10606 10606 10606
10610 10610 10610 10610
10585 10585 10585 10585
10548 10548 10548 10548
10517 10517 10517 10517
10519 10519 10519 10519
10549 10549 10549 10549
10582 10582 10582 10582
10607 10607 10607 10607
10610 10610 10610 10610
10581 10581 10581 10581
10553 10553 10553 10553
10537 10537 10537 10537
10535 10535 10535 10535
10547 10547 10547 10547
10567 10567 10567 10567
10580 10580 10580 10580
10582 10582 10582 10582
10576 10576 10576 10576
10572 10572 10572 10572
10570 10570 10570 10570