9945 9945 9945 9945
9950 9950 9950 9950
9945 9945 9945 9945
9940 9940 9940 9940
9937 9937 9937 9937
9933 9933 9933 9933
9939 9939 9939 9939
9935 9935 9935 9935
9934 9934 9934 9934
9931 9931 9931 9931
9937 9937 9937 9937
9944 9944 9944 9944
9950 9950 9950 9950
9953 9953 9953 9953
9944 9944 9944 9944
9931 9931 9931 9931
9920 9920 9920 9920
9917 9917 9917 9917
9931 9931 9931 9931
9952 9952 9952 9952
9960 9960 9960 9960
9957 9957 9957 9957
9948 9948 9948 9948
9924 9924 9924 9924
9916 9916 9916 9916
9915 9915 9915 9915
9931 9931 9931 9931
9947 9947 9947 9947
9954 9954 9954 9954
9954 9954 9954 9954
9947 9947 9947 9947
9932 9932 9932 9932
9928 9928 9928 9928
9927 9927 9927 9927
9934 9934 9934 9934
9935 9935 9935 9935
9937 9937 9937 9937
9943 9943 9943 9943
9945 9945 9945 9945
9956 9956 9956 9956
9951 9951 9951 9951
9939 9939 9939 9939
9925 9925 9925 9925
9908 9908 9908 9908
9922 9922 9922 9922
9936 9936 9936 9936
9959 9959 9959 9959
9971 9971 9971 9971
9963 9963 9963 9963
9941 9941 9941 9941
9910 9910 9910 9910
9899 9899 9899 9899
9911 9911 9911 9911
9933 9933 9933 9933
9961 9961 9961 9961
9967 9967 9967 9967
9962 9962 9962 9962
9943 9943 9943 9943
9926 9926 9926 9926
9917 9917 9917 9917
9920 9920 9920 9920
9924 9924 9924 9924
9937 9937 9937 9937
9946 9946 9946 9946
9954 9954 9954 9954
9963 9963 9963 9963
9960 9960 9960 9960
9944 9944 9944 9944
9921 9921 9921 9921
9906 9906 9906 9906
9897 9897 9897 9897
9917 9917 9917 9917
9951 9951 9951 9951
9983 9983 9983 9983
9993 9993 9993 9993
9970 9970 9970 9970
9925 9925 9925 9925
9888 9888 9888 9888
9876 9876 9876 9876
9902 9902 9902 9902
9943 9943 9943 9943
9982 9982 9982 9982
9997 9997 9997 9997
9981 9981 9981 9981
9946 9946 9946 9946
9907 9907 9907 9907
9889 9889 9889 9889
9895 9895 9895 9895
9918 9918 9918 9918
9948 9948 9948 9948
9968 9968 9968 9968
9982 9982 9982 9982
9984 9984 9984 9984
9961 9961 9961 9961
9924 9924 9924 9924
9890 9890 9890 9890
9871 9871 9871 9871
9884 9884 9884 9884
9930 9930 9930 9930
9989 9989 9989 9989
10025 10025 10025 10025
10013 10013 10013 10013
9967 9967 9967 9967
9888 9888 9888 9888
9839 9839 9839 9839
9839 9839 9839 9839
9902 9902 9902 9902
9974 9974 9974 9974
10035 10035 10035 10035
10042 10042 10042 10042
9996 9996 9996 9996
9927 9927 9927 9927
9856 9856 9856 9856
9837 9837 9837 9837
9857 9857 9857 9857
9914 9914 9914 9914
9982 9982 9982 9982
10030 10030 10030 10030
10041 10041 10041 10041
10008 10008 10008 10008
9940 9940 9940 9940
9861 9861 9861 9861
9805 9805 9805 9805
9810 9810 9810 9810
9878 9878 9878 9878
9992 9992 9992 9992
10093 10093 10093 10093
10130 10130 10130 10130
10066 10066 10066 10066
9924 9924 9924 9924
9769 9769 9769 9769
9685 9685 9685 9685
9739 9739 9739 9739
9901 9901 9901 9901
10109 10109 10109 10109
10243 10243 10243 10243
10229 10229 10229 10229
10055 10055 10055 10055
9790 9790 9790 9790
9576 9576 9576 9576
9536 9536 9536 9536
9712 9712 9712 9712
10048 10048 10048 10048
10375 10375 10375 10375
10499 10499 10499 10499
10315 10315 10315 10315
9847 9847 9847 9847
9347 9347 9347 9347
9138 9138 9138 9138
9443 9443 9443 9443
10149 10149 10149 10149
10806 10806 10806 10806
10919 10919 10919 10919
10333 10333 10333 10333
9423 9423 9423 9423
8875 8875 8875 8875
9081 9081 9081 9081
9853 9853 9853 9853
10591 10591 10591 10591
10836 10836 10836 10836
10505 10505 10505 10505
9895 9895 9895 9895
9396 9396 9396 9396
9274 9274 9274 9274
9521 9521 9521 9521
9954 9954 9954 9954
10310 10310 10310 10310
10427 10427 10427 10427
10287 10287 10287 10287
9996 9996 9996 9996
9704 9704 9704 9704
9566 9566 9566 9566
9625 9625 9625 9625
9833 9833 9833 9833
10068 10068 10068 10068
10215 10215 10215 10215
10217 10217 10217 10217
10075 10075 10075 10075
9878 9878 9878 9878
9736 9736 9736 9736
9709 9709 9709 9709
9796 9796 9796 9796
9936 9936 9936 9936
10069 10069 10069 10069
10117 10117 10117 10117
10079 10079 10079 10079
9978 9978 9978 9978
9878 9878 9878 9878
9813 9813 9813 9813
9808 9808 9808 9808
9858 9858 9858 9858
9940 9940 9940 9940
10015 10015 10015 10015
10059 10059 10059 10059
10047 10047 10047 10047
9989 9989 9989 9989
9900 9900 9900 9900
9836 9836 9836 9836
9816 9816 9816 9816
9860 9860 9860 9860
9947 9947 9947 9947
10027 10027 10027 10027
10061 10061 10061 10061
10024 10024 10024 10024
9946 9946 9946 9946
9869 9869 9869 9869
9832 9832 9832 9832
9852 9852 9852 9852
9912 9912 9912 9912
9985 9985 9985 9985
10022 10022 10022 10022
10017 10017 10017 10017
9970 9970 9970 9970
9917 9917 9917 9917
9886 9886 9886 9886
9877 9877 9877 9877
9896 9896 9896 9896
9932 9932 9932 9932
9962 9962 9962 9962
9983 9983 9983 9983
9986 9986 9986 9986
9966 9966 9966 9966
9941 9941 9941 9941
9912 9912 9912 9912
9886 9886 9886 9886
9892 9892 9892 9892
9915 9915 9915 9915
9951 9951 9951 9951
9987 9987 9987 9987
9999 9999 9999 9999
9970 9970 9970 9970
9925 9925 9925 9925
9889 9889 9889 9889
9884 9884 9884 9884
9901 9901 9901 9901
9940 9940 9940 9940
9976 9976 9976 9976
9994 9994 9994 9994
9970 9970 9970 9970
9940 9940 9940 9940
9912 9912 9912 9912
9908 9908 9908 9908
9910 9910 9910 9910
9932 9932 9932 9932
9941 9941 9941 9941
9953 9953 9953 9953
9958 9958 9958 9958
9958 9958 9958 9958
9943 9943 9943 9943
9932 9932 9932 9932
9920 9920 9920 9920
9915 9915 9915 9915
9915 9915 9915 9915
9925 9925 9925 9925
9954 9954 9954 9954
9969 9969 9969 9969
9972 9972 9972 9972
9957 9957 9957 9957
9928 9928 9928 9928
9906 9906 9906 9906
9900 9900 9900 9900
9922 9922 9922 9922
9945 9945 9945 9945
9970 9970 9970 9970
9965 9965 9965 9965
9954 9954 9954 9954
9928 9928 9928 9928
9914 9914 9914 9914
9916 9916 9916 9916
9924 9924 9924 9924
9942 9942 9942 9942
9949 9949 9949 9949
9951 9951 9951 9951
9947 9947 9947 9947
9943 9943 9943 9943
9938 9938 9938 9938
9939 9939 9939 9939
9931 9931 9931 9931
9926 9926 9926 9926
9926 9926 9926 9926
9932 9932 9932 9932
9944 9944 9944 9944
9960 9960 9960 9960
9953 9953 9953 9953
9945 9945 9945 9945
9923 9923 9923 9923
9913 9913 9913 9913
9911 9911 9911 9911
9932 9932 9932 9932
9951 9951 9951 9951
9958 9958 9958 9958
9957 9957 9957 9957
9937 9937 9937 9937
9929 9929 9929 9929
9914 9914 9914 9914
9924 9924 9924 9924