XXXXXXXXXXXXXXXXXXXX ZZZZZZZZZZZZZZZZ ZZZZZZZZZZZZZZZZ 0 0 1 0 0 0 0 0 0
00000000000000000001 ZZZZZZZZZZZZZZZZ ZZZZZZZZZZZZZZZZ 0 0 1 0 0 0 0 0 0
00000000000000000010 0000000000000000 ZZZZZZZZZZZZZZZZ 0 0 1 0 0 0 0 0 0
00000000000000000011 0000000000000001 ZZZZZZZZZZZZZZZZ 0 0 1 0 0 0 0 0 0
00000000000000000100 0000000000000010 ZZZZZZZZZZZZZZZZ 0 0 1 0 0 0 0 0 0
00000000000000000101 0000000000000011 ZZZZZZZZZZZZZZZZ 0 0 1 0 0 0 0 0 0
00000000000000000110 0000000000000100 ZZZZZZZZZZZZZZZZ 0 0 1 0 0 0 0 0 0
00000000000000000111 0000000000000101 ZZZZZZZZZZZZZZZZ 0 0 1 0 0 0 0 0 0
00000000000000001000 0000000000000110 ZZZZZZZZZZZZZZZZ 0 0 1 0 0 0 0 0 0
00000000000000001001 0000000000000111 ZZZZZZZZZZZZZZZZ 0 0 1 0 0 0 0 0 0
00000000000000001010 0000000000001000 ZZZZZZZZZZZZZZZZ 0 0 1 0 0 0 0 0 0
00000000000000001011 0000000000001001 ZZZZZZZZZZZZZZZZ 0 0 1 0 0 0 0 0 0
00000000000000001100 0000000000001010 ZZZZZZZZZZZZZZZZ 0 0 1 0 0 0 0 0 0
00000000000000001101 0000000000001011 ZZZZZZZZZZZZZZZZ 0 0 1 0 0 0 0 0 0
00000000000000001110 0000000000001100 ZZZZZZZZZZZZZZZZ 0 0 1 0 0 0 0 0 0
00000000000000001111 0000000000001101 ZZZZZZZZZZZZZZZZ 0 0 1 0 0 0 0 0 0
00000000000000000000 0000000000001110 ZZZZZZZZZZZZZZZZ 0 0 1 0 1 X X 0 0
00000000000000000001 0000000000001111 ZZZZZZZZZZZZZZZZ 0 0 1 0 1 X X 0 0
00000000000000000010 ZZZZZZZZZZZZZZZZ 0000000000000000 0 0 1 0 1 X X 0 0
00000000000000000011 ZZZZZZZZZZZZZZZZ 0000000000000001 0 0 1 0 1 X X 0 0
00000000000000000100 ZZZZZZZZZZZZZZZZ 0000000000000010 0 0 1 0 1 X X 0 0
00000000000000000101 ZZZZZZZZZZZZZZZZ 0000000000000011 0 0 1 0 1 X X 0 0
00000000000000000110 ZZZZZZZZZZZZZZZZ 0000000000000100 0 0 1 0 1 X X 0 0
00000000000000000111 ZZZZZZZZZZZZZZZZ 0000000000000101 0 0 1 0 1 X X 0 0
00000000000000001000 ZZZZZZZZZZZZZZZZ 0000000000000110 0 0 1 0 1 X X 0 0
00000000000000001001 ZZZZZZZZZZZZZZZZ 0000000000000111 0 0 1 0 1 X X 0 0
00000000000000001010 ZZZZZZZZZZZZZZZZ 0000000000001000 0 0 1 0 1 X X 0 0
00000000000000001011 ZZZZZZZZZZZZZZZZ 0000000000001001 0 0 1 0 1 X X 0 0
00000000000000001100 ZZZZZZZZZZZZZZZZ 0000000000001010 0 0 1 0 1 X X 0 0
00000000000000001101 ZZZZZZZZZZZZZZZZ 0000000000001011 0 0 1 0 1 X X 0 0
00000000000000001110 ZZZZZZZZZZZZZZZZ 0000000000001100 0 0 1 0 1 X X 0 0
00000000000000001111 ZZZZZZZZZZZZZZZZ 0000000000001101 0 0 1 0 1 X X 0 0
00000000000000000000 ZZZZZZZZZZZZZZZZ 0000000000001110 0 0 1 0 0 0 0 0 0
00000000000000001111 ZZZZZZZZZZZZZZZZ 0000000000001111 0 0 1 0 1 X X 0 0
00000000000000000000 0001000100010001 ZZZZZZZZZZZZZZZZ 0 0 1 0 0 1 0 0 0
00000000000000000000 ZZZZZZZZZZZZZZZZ 0000000000001111 0 0 1 0 1 X X 0 0
00000000000000001100 0000000010101010 ZZZZZZZZZZZZZZZZ 0 0 1 0 0 0 0 0 0
00000000000000001011 ZZZZZZZZZZZZZZZZ 0001101000011010 0 0 1 0 1 X X 0 0
00000000000000000111 0010001000100010 ZZZZZZZZZZZZZZZZ 0 0 1 0 0 0 1 0 0
00000000000000000111 ZZZZZZZZZZZZZZZZ 0000000000001011 0 0 1 0 1 X X 0 0
00000000000000001000 0011001100110000 ZZZZZZZZZZZZZZZZ 0 0 1 0 1 X X 0 0
00000000000000001001 ZZZZZZZZZZZZZZZZ 0011001100110111 0 0 1 0 0 0 0 0 0
00000000000000001001 ZZZZZZZZZZZZZZZZ 0000000000001000 0 0 1 0 0 0 1 0 0
00000000000000001001 0100010001000100 ZZZZZZZZZZZZZZZZ 0 0 1 0 0 1 1 0 0
00000000000000001010 0000010101010000 ZZZZZZZZZZZZZZZZ 0 0 1 0 0 1 1 0 0
00000000000000000000 ZZZZZZZZZZZZZZZZ ZZZZZZZZZZZZZZZZ 0 0 1 0 0 0 0 0 0
00000000000000000001 ZZZZZZZZZZZZZZZZ ZZZZZZZZZZZZZZZZ 0 0 1 0 0 0 0 0 0
00000000000000001001 0110011001100110 ZZZZZZZZZZZZZZZZ 0 0 1 0 1 X X 0 0
00000000000000000000 0111011101110111 ZZZZZZZZZZZZZZZZ 0 0 1 0 1 X X 0 0
00000000000000000101 ZZZZZZZZZZZZZZZZ 0100010101010100 0 0 1 0 0 0 1 0 0
00000000000000000100 ZZZZZZZZZZZZZZZZ 0110011001100110 0 0 1 0 0 1 0 0 0
00000000000000000001 1000000010000000 ZZZZZZZZZZZZZZZZ 0 0 1 0 1 X X 0 0
00000000000000000010 0000100100001001 ZZZZZZZZZZZZZZZZ 0 0 1 0 1 X X 0 0
00000000000000001100 ZZZZZZZZZZZZZZZZ 0111011101110111 0 0 1 0 0 1 1 0 0
00000000000000001101 ZZZZZZZZZZZZZZZZ 0000000000000010 0 0 1 0 0 0 0 0 0
00000000000000001010 0001000100000000 ZZZZZZZZZZZZZZZZ 0 0 1 0 1 X X 0 0
00000000000000001011 0000111100001111 ZZZZZZZZZZZZZZZZ 0 0 1 0 1 X X 0 0
00000000000000001100 ZZZZZZZZZZZZZZZZ 0000000000001010 0 0 1 0 1 X X 0 0
00000000000000000011 ZZZZZZZZZZZZZZZZ 0000000000001011 0 0 1 0 0 0 0 0 0
00000000000000000100 ZZZZZZZZZZZZZZZZ 0001000100100010 0 0 1 0 0 0 1 0 0
00000000000000000101 0011001100110011 XXXXXXXXXXXXXXXX 0 0 1 0 0 0 0 0 0
00000000000000000011 0100010001000000 XXXXXXXXXXXXXXXX 0 0 1 0 1 X X 0 0
00000000000000000100 0101010101010101 XXXXXXXXXXXXXXXX 0 0 1 0 1 X X 0 0
00000000000000000101 ZZZZZZZZZZZZZZZZ 0011001100110011 0 0 1 0 1 X X 0 0
00000000000000000110 ZZZZZZZZZZZZZZZZ 0100010001001001 0 0 1 0 0 0 0 0 0
00000000000000000111 ZZZZZZZZZZZZZZZZ 0101010101010101 0 0 1 0 0 0 0 0 0
00000000000000001000 0110011001100110 XXXXXXXXXXXXXXXX 0 0 1 0 0 0 0 0 0
00000000000000000110 0111011101110111 XXXXXXXXXXXXXXXX 0 0 1 0 1 X X 0 0
00000000000000000111 1000100010001000 XXXXXXXXXXXXXXXX 0 0 1 0 1 X X 0 0
00000000000000001000 ZZZZZZZZZZZZZZZZ 0110011001100110 0 0 1 0 1 X X 0 0
00000000000000000110 ZZZZZZZZZZZZZZZZ 0111011101110111 0 0 1 0 0 0 1 0 0
00000000000000000111 ZZZZZZZZZZZZZZZZ 1000100010001000 0 0 1 0 0 1 0 0 0
00000000000000001000 0001000000010000 XXXXXXXXXXXXXXXX 0 0 1 0 0 0 1 0 0
00000000000000000110 0000000100000001 XXXXXXXXXXXXXXXX 0 0 1 0 1 X X 0 0
00000000000000000111 0001000000010000 XXXXXXXXXXXXXXXX 0 0 1 0 1 X X 0 0
00000000000000001000 ZZZZZZZZZZZZZZZZ 0001011000010110 0 0 1 0 1 X X 0 0
00000000000000001001 ZZZZZZZZZZZZZZZZ 0111000101110001 0 0 1 0 0 1 1 0 0
00000000000000001010 ZZZZZZZZZZZZZZZZ 0001100000011000 0 0 1 0 0 0 0 0 0
00000000000000001011 0010001000000000 XXXXXXXXXXXXXXXX 0 0 1 0 0 1 1 0 0
00000000000000000001 0000000000110011 XXXXXXXXXXXXXXXX 0 0 1 0 1 X X 0 0
00000000000000000010 0100010000000000 XXXXXXXXXXXXXXXX 0 0 1 0 1 X X 0 0
00000000000000000011 ZZZZZZZZZZZZZZZZ 0111011101110111 0 0 1 0 1 X X 0 0
00000000000000000100 ZZZZZZZZZZZZZZZZ 0000000000000010 0 0 1 0 1 X X 0 0
00000000000000000001 ZZZZZZZZZZZZZZZZ 0011001100110011 0 0 1 0 0 0 0 0 0
00000000000000000010 ZZZZZZZZZZZZZZZZ 0100010001001001 0 0 1 0 0 0 0 0 0
00000000000000000011 0001000100010001 XXXXXXXXXXXXXXXX 0 0 1 0 0 0 0 0 0
00000000000000000100 0010001000100010 XXXXXXXXXXXXXXXX 0 0 1 0 0 0 0 0 0
00000000000000000001 0011001100110011 XXXXXXXXXXXXXXXX 0 0 1 0 1 X X 0 0
00000000000000000010 0100010001000100 XXXXXXXXXXXXXXXX 0 0 1 0 1 X X 0 0
00000000000000000011 ZZZZZZZZZZZZZZZZ 0001000100010001 0 0 1 0 1 X X 0 0
00000000000000000100 ZZZZZZZZZZZZZZZZ 0010001000100010 0 0 1 0 1 X X 0 0
00000000000000000101 ZZZZZZZZZZZZZZZZ 0011001100110011 0 0 1 0 0 0 0 0 0
00000000000000000110 ZZZZZZZZZZZZZZZZ 0100010001000100 0 X X X X 0 0 1 0
00000000000000000111 0101010101010101 XXXXXXXXXXXXXXXX 0 X X X X 1 1 1 0
00000000000000001000 0110011001100110 XXXXXXXXXXXXXXXX 0 X X X X 0 0 1 0
00000000000000000101 0111011100000000 XXXXXXXXXXXXXXXX 0 0 1 0 1 X X 0 0
XXXXXXXXXXXXXXXXXXXX 0000000010001000 XXXXXXXXXXXXXXXX 0 X X X X X X 1 1
XXXXXXXXXXXXXXXXXXXX ZZZZZZZZZZZZZZZZ 0101010101010101 0 X X X X X X 1 1
XXXXXXXXXXXXXXXXXXXX ZZZZZZZZZZZZZZZZ 0100010010001000 0 X X X X X X 1 1
XXXXXXXXXXXXXXXXXXXX ZZZZZZZZZZZZZZZZ 0111011101110001 0 1 X X X X X 0 0
XXXXXXXXXXXXXXXXXXXX ZZZZZZZZZZZZZZZZ 0110011001100110 1 X X X X X X X 0
XXXXXXXXXXXXXXXXXXXX ZZZZZZZZZZZZZZZZ 0110011001100110 0 X 0 X X X X 0 0
XXXXXXXXXXXXXXXXXXXX ZZZZZZZZZZZZZZZZ ZZZZZZZZZZZZZZZZ 0 X X 1 X X X 0 0
00000000000000000101 ZZZZZZZZZZZZZZZZ ZZZZZZZZZZZZZZZZ 0 0 1 0 1 X X 0 0
XXXXXXXXXXXXXXXXXXXX ZZZZZZZZZZZZZZZZ ZZZZZZZZZZZZZZZZ 1 X X X X X X X 0
00000000000000001000 ZZZZZZZZZZZZZZZZ ZZZZZZZZZZZZZZZZ 0 0 1 0 0 0 1 0 0
XXXXXXXXXXXXXXXXXXXX ZZZZZZZZZZZZZZZZ 0101010101010101 1 X X X X X X X 0
00000000000000000111 ZZZZZZZZZZZZZZZZ 0101010101010101 0 0 1 0 1 X X 0 0
XXXXXXXXXXXXXXXXXXXX ZZZZZZZZZZZZZZZZ ZZZZZZZZZZZZZZZZ 1 X X X X X X X 0
00000000000000001000 0000000000000000 ZZZZZZZZZZZZZZZZ 0 0 1 0 1 X X 0 0
XXXXXXXXXXXXXXXXXXXX ZZZZZZZZZZZZZZZZ 0111011101110001 1 X X X X X X X 0
XXXXXXXXXXXXXXXXXXXX ZZZZZZZZZZZZZZZZ 0111011101110001 1 X X X X X X X 0
00000000000000000000 ZZZZZZZZZZZZZZZZ 0111011101110001 0 0 1 0 1 X X 0 0
00000000000000000001 ZZZZZZZZZZZZZZZZ 0000100000001000 0 0 1 0 1 X X 0 0
00000000000000000001 ZZZZZZZZZZZZZZZZ 0110011001100110 0 0 1 0 0 1 1 0 0
00000000000000000001 ZZZZZZZZZZZZZZZZ 0001000100010001 0 0 1 0 0 1 1 0 0
00000000000000000001 0001000000000000 XXXXXXXXXXXXXXXX 0 0 1 0 0 0 1 0 0
00000000000000000001 0000001000000000 XXXXXXXXXXXXXXXX 0 0 1 0 0 1 0 0 0
00000000000000000001 0000000000110000 XXXXXXXXXXXXXXXX 0 0 1 0 1 X X 0 0
00000000000000000000 0000000000000100 XXXXXXXXXXXXXXXX 0 0 1 0 1 X X 0 0
XXXXXXXXXXXXXXXXXXXX ZZZZZZZZZZZZZZZZ 0001001000110100 0 X X X X X X 1 0
XXXXXXXXXXXXXXXXXXXX ZZZZZZZZZZZZZZZZ 0110011001100110 0 X X X X X X 1 0
XXXXXXXXXXXXXXXXXXXX ZZZZZZZZZZZZZZZZ 0001001000110100 0 X X X X X X 1 0
XXXXXXXXXXXXXXXXXXXX ZZZZZZZZZZZZZZZZ 0010001000100010 0 1 X X X X X 0 0
XXXXXXXXXXXXXXXXXXXX ZZZZZZZZZZZZZZZZ 0011001100110011 0 1 X X X X X X 0
XXXXXXXXXXXXXXXXXXXX ZZZZZZZZZZZZZZZZ ZZZZZZZZZZZZZZZZ 0 1 X X X X X X 0
